defect cooperate tit_for_tat coin_flip biased_random susp_tit_for_tat grudger waffler 
  5   15   20   10   10   10   10   10  
  4   15   22    9   11    8   11   10  
  3   15   24    8   11    7   12   10  
  2   15   26    7   11    7   13    9  
  0   15   28    6   12    6   14    8  
  0   16   29    5   13    5   15    7  
  0   16   30    4   14    4   16    6  
  0   16   31    3   15    3   17    5  
  0   16   32    2   15    3   17    5  
  0   16   33    1   15    3   17    5  
  0   16   33    1   16    2   17    5  
  0   16   33    1   16    2   17    5  
  0   16   33    1   16    2   17    5  
  0   16   33    1   16    2   18    4  
  0   16   33    1   16    2   18    4  
  0   16   33    1   16    2   18    4  
  0   16   33    1   16    2   18    4  
  0   16   33    1   16    2   18    4  
  0   16   33    1   16    2   18    4  
  0   16   33    1   16    2   18    4  
  0   16   33    1   16    2   18    4  
  0   16   33    1   16    2   18    4  
  0   16   33    1   16    2   18    4  
  0   16   33    1   16    2   18    4  
  0   16   33    1   16    2   18    4  
  0   16   33    1   16    2   18    4  
  0   16   33    1   16    2   18    4  
  0   16   33    1   16    2   18    4  
  0   16   33    1   16    2   18    4  
  0   16   33    1   16    2   18    4  
  0   16   33    1   16    2   18    4  
  0   16   33    1   16    2   18    4  
  0   16   33    1   16    2   18    4  
  0   16   33    1   16    2   18    4  
  0   16   33    1   16    2   18    4  
  0   16   33    1   16    2   18    4  
  0   16   33    1   16    2   18    4  
  0   16   33    1   16    2   18    4  
  0   16   33    1   16    2   18    4  
  0   16   33    1   16    2   18    4  
